152
152
152
152
152
143
143
143
143
143
145
145
142
144
145
148
144
147
85
93
92
142
89
80
78
138
73
102
65
68
66
73
90
93
91
91
90
92
94
91
94
92
93
93
94
91
93
88
85
90
90
92
92
90
84
76
72
74
70
65
66
70
67
67
72
68
71
71
71
67
67
66
66
66
64
66
67
68
70
65
71
43
93
93
93
93
93
97
97
97
97
97
92
92
92
92
92
96
96
96
96
95
96
95
93
92
94
97
94
90
96
95
96
92
97
97
105
107
106
100
106
108
102
104
93
98
103
101
109
100
78
77
74
81
76
74
63
89
72
66
95
70
69
68
77
78
77
77
83
88
98
97
101
107
105
122
126
142
129
136
159
179
177
72
160
135
129
117
107
110
100
107
105
91
92
104
140
155
141
157
139
100
109
115
111
67
113
99
92
91
106
107
96
88
78
80
96
79
74
70
75
71
70
67
68
66
61
77
73
69
67
66
62
65
99
95
95
95
95
95
95
95
95
95
95
95
95
95
95
95
95
95
95
99
99
99
99
99
98
99
99
98
98
98
97
93
101
103
106
104
102
104
84
83
83
75
81
81
91
97
104
104
107
108
111
119
126
127
135
140
143
165
140
71
111
111
109
108
99
94
95
96
96
175
235
147
135
134
111
115
101
96
95
97
96
96
95
96
92
93
93
94
94
88
93
97
97
97
90
102
105
107
106
100
106
108
102
104
93
123
117
103
106
104
93
78
77
74
78
76
74
89
72
66
95
70
69
68
77
78
77
77
83
88
98
97
101
107
103
120
127
124
125
143
154
140
153
178
185
178
144
143
129
104
113
104
102
99
108
113
91
97
77
104
140
185
180
141
157
139
100
109
115
111
113
99
92
91
106
107
96
88
88
83
80
75
70
75
71
72
72
70
67
73
68
68
60
61
77
133
73
69
68
70
68
64
69
72
73
76
75
77
75
78
78
74
78
69
70
68
71
75
72
76
71
72
73
71
72
71
74
77
73
74
80
77
72
69
70
72
73
76
68
78
73
72
72
71
68
73
73
73
72
72
71
72
73
73
73
71
75
72
72
74
75
72
75
73
72
75
72
74
72
73
74
73
71
67
62
63
65
80
73
64
68
65
63
64
45
43
64
45
107
127
110
104
102
99
107
102
97
90
92
84
74
70
70
0.0
0.0
0.0
0.0
48.88290111810563
58.68127137821871
64.74300413741521
81.68190199301186
81.50696663132392
81.542794107565
81.44505401739583
83.49956825197165
85.1854728436828
86.08704421422773
86.69846709740482
88.25036917547533
90.57602181475362
94.55928253094326
97.49899129661512
100.85445588346654
104.52740370708251
107.06109001587845
112.49421755893944
117.62679304887179
125.05919134179135
129.08423402229653
133.20793359737212
140.93584126939032
145.10023135800805
150.46714807815914
159.39326766444452
166.27616916110506
151.48984376517504
155.76169139894125
154.81955823659442
152.928008236894
155.632159278074
159.1113422967724
161.16203632137663
164.4898513309915
166.8243087818946
170.1696886362573
180.54737964492242
184.21859216849649
187.0570838774578
189.28178504437605
192.26443965670634
122.05637063746354
116.35215806118994
110.26516293413837
105.64264064573361
101.6168514839576
101.20690400215426
102.09704461816678
97.34366271748068
95.27716656058493
88.77939862741971
85.59769340529104
88.60933120880982
100.55666978905155
120.59410994074842
136.4793779350562
138.42031220329218
140.93142158962215
128.6157882063079
131.99663350836178
125.38941474996113
122.18219600938674
120.8159592511851
118.89046563751896
118.72597270865333
118.63478386051418
118.49806040841364
118.37708311151081
118.27781016817389
118.18934079416968
118.08181383184936
117.97675088001361
117.87456541987387
117.77496661588961
117.67741186789144
117.58383611074044
114.71657648231114
108.19411373538259
102.64528057991615
99.05786458776646
99.88266479239508
100.67115804928687
99.12891211531907
98.23770718214995
95.2236907372862
90.61783740527564
95.16828959495416
94.90244383882585
94.67597708207553
94.53625568087848
94.58428010801103
94.31093270078628
94.1640113959682
93.99984232090875
93.84216297289791
93.73474441751344
94.93527542460086
95.86825267252188
96.5289824745447
97.07022220820285
96.99322504363232
95.77558242029943
94.78422295152764
93.98738011470132
93.33947058263716
92.88287706416752
93.7013838536671
94.35855905716699
94.88340368114284
95.31080159881381
95.30600603736754
95.59752511038997
94.62987653607095
94.15234410852486
93.7583551967814
93.77845065398039
93.79153812461581
92.03594811138316
92.13288717324508
93.44494292667814
94.46353283591831
95.28195292930705
93.78275863285481
96.18677384350187
96.93915179108666
99.20313179280552
101.35925631675482
101.73856121540268
102.32723595897993
102.11553366185262
102.15524278643281
103.37712065387306
103.99950320082195
100.96073816738519
0.0
0.0
0.0
0.0
0.0
0.0
61.98352545850507
65.51732666167673
67.54597510937178
59.62482413516156
55.123825192664924
55.110821125092826
55.09574100534135
55.08424523230016
55.07167733212928
55.05832673759262
55.04627051747225
55.02971840188569
55.005354232880464
54.99474863003873
54.98142644057698
54.9670359661457
54.94395455537611
54.924993883782534
54.90501770085868
54.88681963077785
54.87292639465896
54.86253211062494
54.850072373989505
54.836751634681605
54.82455757519742
54.81015467728331
54.797330174635135
54.782752959261
54.77100630960767
54.760101960127415
54.74673000198433
54.73575692717273
106.4204779776727
108.3858464646226
111.35207358081155
112.74229753055928
114.55532612325891
116.43984083689753
57.96802906183734
55.374677317115
51.234039481525556
48.29735643418479
88.61528000484637
95.72355677136895
82.02338477826494
91.4673938105293
95.62441049667841
92.18638619678558
92.34464031802248
91.4652841757221
88.84588131961759
83.06433707817095
76.97064852123945
72.15065905822463
70.25669998174202
62.32984560879361
58.96684912774108
56.55889337904244
54.53601235984318
51.4794056839604
42.27518417759265
39.39079352296774
57.63164398588236
56.214700585861536
55.294597747376585
54.24209639520426
53.19215093415407
52.216412550023875
51.07851640819858
50.233480595005545
49.04641888121914
48.06765151459223
47.03072744448873
46.03237409495611
41.54760176723663
39.814294459501916
30.96001584784461
29.061715443922907
91.54196383878637
100.00708783690366
119.30139743697295
102.32572984285999
95.88964767877017
100.04004752803714
101.42572806825645
102.92070443435624
104.11231513199543
105.62995756580226
107.59764206071684
180.08425793870347
159.9200201651181
131.3970553508929
134.24621300398144
106.68154052941412
149.49030937918673
146.09874083529735
148.68415533328363
151.7943476699067
155.02280387445967
197.39244666374532
215.6902731467814
202.07568494209806
215.2859839579097
202.57771952322236
191.16753661006783
196.33019651506675
187.56980504674323
194.4949005796961
205.90403212197023
187.3343965107953
173.48088595347735
183.6324921037014
165.20808400472464
167.10490395843524
170.558479674809
175.4324726046446
101.73312329884685
144.69287135159848
154.33478867045574
150.49277378174148
138.0061567432902
125.4374168005597
112.94674036560407
100.6504810273243
94.57926354690554
84.81089685191972
90.01214986762605
100.11433225402223
113.13896334069752
123.20463701024109
127.78469955964812
119.4257515242569
119.00393785769452
119.52424171878323
132.1145618763736
121.59096094601048
106.77457035457353
105.22973721575825
102.82556649056902
101.39835025601174
98.19905055027506
95.75589858316307
93.93395572640303
92.05600862666033
86.9672669659595
85.15063635374479
156.94980438745432
181.70896570471493
146.22261600336728
174.48122925650986
186.7607051352898
188.2812621055758
185.51856322630334
176.93413317032508
162.72652543775865
152.20083085668227
139.99571576830147
126.78312095342196
122.77236419628848
117.71852675177168
114.73357862267719
114.22235957199231
116.92419819622384
124.40053956306193
135.32431853639582
135.57890129890853
151.53634766115198
165.456107911036
168.89264808991416
171.34355855582209
171.3070564249989
166.4943622884656
155.61813321570187
140.53040054589687
128.8522351912387
117.96414091659503
110.16593871743532
104.38124085158086
96.93069784265981
91.56631082270447
83.92024594133308
77.32630955731928
74.67098812043199
71.63076049041462
67.70201721741672
64.00681047122706
61.56285872049382
57.53516035715835
59.225884996120804
54.62908765364515
51.357721036794196
48.28099576612848
56.27622802160073
53.95086462139706
50.89592018017112
48.21413369593199
46.14266201136627
44.072655845288125
41.906771814678734
39.90020487308148
37.77790441357649
34.856661695633704
32.38507100783285
30.115916608021294
28.069828103120933
26.193287853778322
56.552277326539745
56.28909328260695
56.05475542461148
55.83756684906758
55.62913472676845
55.44522642020146
55.239527422993625
66.39094409842241
66.90354309080786
67.73532447476026
68.62007307634155
74.28680912249617
80.4427131250408
86.51041021239723
87.99373907932974
86.89637327791247
85.98923160469627
83.52004840181314
81.80048813678522
78.55467871958841
76.44530501320048
76.14435633721399
75.78428208485889
75.5374994731919
75.1499815973699
74.67958989182264
74.29295829693373
73.8630402024603
73.5147497562599
73.21077162974191
72.89126079089343
72.62531779400433
72.32085024422744
72.03737815784777
71.71809769677878
71.41954501877848
71.13026685972358
70.84310354796145
70.53779150992227
70.23724383633763
69.89918119644642
69.66112254573304
80.49603296006302
100.6621508935587
109.41466025980577
113.95328654701262
115.05600688403922
110.9552401949107
106.75949716787154
101.7489980609637
97.67669981787873
89.81089482775909
87.88656744598833
78.92056087014072
72.77431050987398
69.5331962419068
66.89721290553943
64.26558777972257
61.60059577623019
54.58327785039178
51.887554130655616
48.474579525122124
44.99078440873217
42.31774295755703
38.9868942995393
36.227714488216634
33.05595227943127
29.99276795552977
26.859855467982932
23.880863983869254
20.757625551689152
17.412626356596206
14.529161707026617
11.773844378326366
8.258292658046098
5.684222861868535
1.7425343573257237
-3.323979054211578
-8.11181898523004
58.22636059263204
61.27453124820143
61.67545195581006
62.125803722498034
62.46910297995015
62.77665065703083
55.363650893202795
54.99154804247008
54.5522763791619
54.240933521147404
53.72420672923726
53.2126992774486
52.936306693009406
52.46538915507161
51.783039862689314
51.43255801370396
51.01818500669248
56.99288213340182
60.2692375229586
62.83581347431916
64.2299865361591
65.28077655340427
66.9238204847691
66.61997769959412
66.62995278083923
67.24070220498402
68.13918588403223
68.71752271868897
69.40379333555524
70.01437826264063
80.77899878423244
88.33060352636831
90.98822404953118
93.79907886492641
94.94701200931502
96.22819665558671
95.90418757877924
95.88284026189312
95.88976119041436
95.72516732157743
91.0414410441857
92.70922954146256
93.0297994910874
93.12893515572779
93.1821151767118
93.27013397731396
93.24958447213682
93.2238131554219
93.2150891906543
94.75433760598276
95.74917400934973
96.41245004865534
96.90215615191559
97.2126955876895
95.8561189813705
94.78371336189736
93.86501132701781
93.03015939571931
93.96333098976591
94.6115395174421
95.08087256693516
95.43824892575293
95.39334769792433
95.67080582093651
95.54975462734227
94.83842154054534
93.98394636318451
93.9153890241007
94.7841532563281
94.56027150215968
93.19415872808203
93.91550127692551
94.19267194888795
94.74451214564608
93.97097433219237
94.83319421431734
95.5029635189151
98.47274751615632
101.28815425434686
103.29810798983813
102.89757336879238
104.33708605540599
106.26176381969604
106.60247242326854
106.29544811702745
102.70493132282279
102.91455998134775
103.13759907149158
103.30882474471831
103.56846946780603
103.87150977066209
104.10842869536818
104.29654943486237
104.53287122949301
114.67500007165253
108.72138239509889
107.853036647577
106.67920233394818
102.28927271584789
94.72417252139641
86.0903575346931
79.76809954395044
77.91553266852561
75.80512774420241
72.27166435236403
67.93893860273532
64.64476315075349
62.832801778517265
59.99244820058284
57.77534565648442
61.21496257240171
59.577712833754326
57.87979809496523
64.89352311426721
63.95553502076929
62.674679996135296
61.8500900776921
65.17303102862894
66.5399570416023
66.83366271153704
70.02496556901835
72.59852359915192
75.83989637451906
78.5127731304007
81.48286528874426
85.63862126532388
88.13476868476972
91.20446908551915
98.38422731697932
101.70437144089819
109.54042606148082
117.42529494790949
122.30104977805975
125.85317660533144
133.98937351814152
143.3799200914933
145.85544704242758
152.23275597885146
162.72822730805126
172.65177807783905
178.98086997415302
172.78465071613027
167.44421458349154
158.87051475994775
151.73068383625946
152.80406802433134
130.78319586577922
128.99043961477477
126.97201801972648
125.08511703300962
123.613961503739
122.11200408734223
120.67941582108284
119.1412187984262
117.47488684998567
115.8540304506368
116.5381000348312
111.25129743378587
109.70156742131233
105.30695109292141
104.57042469014335
105.96596048698785
100.16168257455521
95.33335351211349
92.48807397412241
90.02531938525541
97.26522855009117
116.23540264226284
144.43674405072358
161.43551517530523
170.12969812142683
162.4807822804829
163.42563436248938
158.7200947498098
142.29641045821342
132.46242759592687
127.10691471941884
121.8303775486568
120.22612733646909
119.35798373432633
118.20198038281191
117.55597156506482
116.5893759080194
115.68065461367325
114.4449711151006
113.64276910603195
76.83467077506347
73.48967926752192
67.72647102507077
63.18040217662326
95.10174258369341
96.37483481536066
94.25018574950735
92.62321708408216
96.19145840615965
99.18369018253453
98.18149321397009
98.03506795027566
94.11956101803395
91.6623517854492
88.32297717128907
87.32672792983419
85.7686482861659
79.20710935126313
74.03518797941987
71.97827661289838
69.32055894764875
67.89573420906638
65.53060439673021
63.30661175523193
61.69159246904047
59.40136842057295
57.26893870111634
68.1156010938459
68.99917578849232
67.63849402040924
70.51011229491141
71.20534456440339
71.44128594195375
71.06855499553073
69.2662413237082
67.21408413823485
66.51685166871164
66.23983396170108
66.46284849631965
64.98215770685367
62.914310756745735
62.15153587047773
61.40471507256791
60.507283067510045
59.82472849039098
58.88002514772033
59.88513886667473
59.315247591872655
68.65050560538707
70.70555714220312
70.36834677793303
69.49576666722257
68.53784712540266
68.62492322974168
65.86514093756197
65.58906685364481
65.35676775726064
65.07049272731028
64.87562800914024
64.59751446002106
64.41816738765245
64.17460695699252
63.89202713502023
63.63110368227623
63.38489673642236
63.16998516689246
62.935642149893454
62.690004939949375
62.44784155966059
62.21451354138651
61.97521721922449
61.735959603460984
61.49524172615742
61.25655301091385
61.028553109403276
60.787260762313835
60.54740639970056
60.30769767339265
60.06272626919653
59.81706706065182
59.57891299494236
59.34287525030548
59.09280574003084
58.85359601995475
58.616868243262914
58.36262651737904
58.14132755669611
57.90585509255621
57.64382558358854
57.43157111085786
57.1322113689498
56.93478423150225
56.664555649158146
56.44953547894161
56.21307140699393
55.96314084990553
55.73057804877713
70.82962312828998
71.5128152917169
71.83337209794408
72.03070467803731
72.8660989480007
74.36616941082312
75.90691992485849
76.004908064447
76.70380210673473
75.5765982401072
74.66169248320865
73.94896318518059
72.80431525100498
71.21638590910017
70.98436182804319
72.01101439035195
71.92865098943889
73.09146037412448
72.4894873618235
72.32379372346904
72.487309200596
72.02951033618785
71.96248597868734
71.63665194373257
72.25938269245437
72.24005633307716
74.16211488204128
74.57874794184895
74.53610470453654
76.37749235777619
76.83571171138018
75.63175339539745
73.76656547581058
72.60010820412488
72.29231763988574
72.36801056952994
73.346019250233
71.71997356840399
73.44534517687333
73.3219338667223
72.92553937631578
72.60981420256809
72.07451151667259
70.76650750882055
71.24060366603857
71.63338828677534
71.95820996584364
71.92574389555706
71.90545198431495
71.59428010479984
71.6549298151688
72.0062476211873
72.28724168892909
72.50923611043078
72.08635641983085
72.92663970257809
73.02308632444425
72.6842024769527
72.4787707647904
72.96578869069032
73.63216257673483
73.23205667585711
73.81257218059017
73.9405711900356
74.10034506482074
74.2240021223503
73.6592787984904
73.04048809225395
73.03018980995108
73.01591348995063
73.00056827939176
72.98586028116677
72.28965790891418
72.1149809255365
72.40560700783698
72.92383918737414
72.97543048858319
70.93163189284657
68.50840819108686
66.34135476089672
64.87726059153411
64.32324482646331
63.57527192008399
62.56485847187358
61.276684441941725
60.47823357957904
59.69430813969916
58.84547577780134
58.08263755478799
57.35699385687633
56.528084804035444
55.718799585945305
54.97575514475828
54.13996002014082
53.36143338546785
52.564080289350215
51.70328365333043
77.42708946993632
75.4820359024187
76.04872607217546
76.69510543771098
70.52969160130549
69.52938179288425
67.89271174684949
66.11261366886654
65.66861049504769
64.63366523004089
64.27882912868404
63.72893714412081
54.45986683629691
53.10882872172101
51.314085679106256
50.03197284912261
48.560259040469234
44.51608068832931
52.22437343970983
51.369974411734866
47.96658666538211
47.09012867817526
46.25704402389664
45.085490481271705
44.20826803206543
43.049149548687055
42.077128774955796
41.16897771168033
40.00774968844104
39.18551326104128
37.903639203141054
36.32577237990296
34.83173754814358
33.188731080808424
31.84817813697711
30.863400727800986
29.928313272787314
28.62068973166265
27.772889750549496
26.871992276939828
25.8949701162989
24.893590020346167
23.888957912002574
22.905393137436064
21.804958217460765
20.73377503785148
19.70954899940301
18.783720600164585
17.834408952873794
16.823897262257134
104.76482339900025
108.56876086588693
112.11977087599587
115.18953480242837
117.10312237970962
119.63408811483086
121.95858797433908
124.46207017097913
126.98958747369615
128.45874451034499
119.71261022565284
114.2618552255915
109.65911089583996
108.61072938916955
105.2699473929596
97.60958866149319
94.43209451306024
91.3914529887965
86.85865984598374
80.3310509111381
73.64308609140036
68.51541876127767
65.04083690635524
57.93203287832316
52.313101245529445
49.32038973351222
44.53951973596016
41.65413622642806
37.51210634895551
33.07687616582123
58.49515382554429
57.80573481775676
56.8766307342603
55.912760094738516
54.970829621296815
54.035084279132306
53.111232239390134
52.14021925894656
50.973334650889655
49.48962790446025
48.069133177755035
46.871002746970305
46.10809350272518
43.23717139268421
42.24771586281893
40.821104197581626
72.74651059034926
81.4400408593106
84.36250117048787
86.13199349086857
107.10623019382739
98.23413974841492
100.64844723824768
104.33920426010795
106.45827201127398
111.0724000981889
112.98468781932152
115.75801566141573
79.33987904342624
98.67358276803766
90.39754699733189
90.34287440120815
82.33225688149585
80.2145330522161
97.53994933281729
98.6334483151644
99.86184354056431
101.00630501778224
173.13377132358974
164.34785481764993
167.9782276387106
171.356362125295
172.9467479945928
186.63816179789526
193.26473896452333
170.9606300654395
194.00023843112297
177.08034763345623
166.51921346329527
180.56110036603965
164.10403983407505
168.4111822216547
173.20664539305744
174.38153636976386
142.3897753610102
152.20177024570242
150.9869073569421
143.6196085701795
133.98133410998642
124.36641548943037
114.60447593048328
102.29902050455084
96.82160264272528
89.6506612248692
96.7219259303426
102.78517404484042
113.10019244919341
122.16966339852586
103.89875428187787
101.05066485746164
98.57915018059941
105.87212355136647
122.67555435141999
120.1458893062425
120.43704468184664
113.95260853326506
113.2511728609859
112.66818547920523
112.1924491349276
111.74906480024775
111.39237346100957
110.96891230771506
91.39466849529491
89.10818064709723
162.50430753066098
124.60523597784884
162.5927329373389
179.08331030934545
182.7862074997698
181.85006828888484
174.83485835158615
161.58148302914253
151.58247785590353
139.73917864564586
127.49481492574147
123.37896446792085
118.49146289791334
115.58204406795285
115.08267368487158
117.8152486782715
125.23957859978384
136.07735864463663
136.58164709740404
152.46928778235542
166.21057408402325
169.7987426687951
172.20725147686343
169.74772613761394
162.6495140354813
149.53335382234607
137.1836182910356
126.79823417755908
116.68609704849219
109.26991883339583
103.7275980598566
97.60808413103159
95.0380906705933
87.8742367273483
81.16072049059943
77.37909844914955
74.89653679473047
69.9494030489033
65.27129926359929
60.80602181912492
60.03829231423742
60.661659685477716
59.477596643049026
56.3219488928913
52.115147045204594
56.63183483277121
54.79399392529236
51.69194615605979
96.96964130557312
99.91809968880624
102.93078201353886
106.85117803531206
110.13215252711525
112.13089568634878
114.74307510547852
117.15065563992376
119.4401971556956
121.8111281583068
124.19678140413559
73.92737291989135
73.0156979457243
71.74116734258703
70.65156030349215
69.63246897835347
68.41473906665911
67.48979611951327
69.07902947539911
68.43332718631886
67.32047843323345
66.54179543339383
75.25329890069634
80.21142398241659
83.21959410122564
86.21663750133091
88.94572940023004
87.25773730981275
85.87114224815514
83.2431047100376
81.14298893576547
78.98707868984671
76.72911113172047
74.90220570112409
72.2509288457112
71.31037314534547
69.88925160981603
68.73518329833666
67.74038154306476
66.72626874825974
65.92218768916803
64.93832318032838
63.84651678324569
62.9107613316847
61.87575633431112
60.94504786249021
59.905116354941185
58.98476247386991
57.88156243604294
56.86254166484164
55.75370619978602
54.415500158815135
53.39911234261709
52.54633030367454
51.54033993759039
80.21045038191325
97.82901969816689
108.58840545355838
114.15388773769125
115.40134325960896
108.4932522862211
102.77116754887105
96.85411060647712
91.03011459747584
84.25000301120635
82.9034853243043
75.89240119063463
71.72028041079932
67.48456538287266
63.50254811737025
60.9815444741068
58.807335506174795
54.88625221848133
50.84584347267055
46.94545062627549
44.26056004074334
40.507969285719426
36.61548165587023
32.70980544015673
30.380004882659378
26.48252483249054
22.74256390900385
19.29387268942571
15.744632140866251
13.019567449834565
9.63555617642443
7.586167635200021
3.832670970793626
-0.40754038743985305
-4.007247362330066
59.58454808691946
61.89731129839915
62.084701822739014
62.302095009120485
62.43853465757669
62.63868471908888
55.36073172458099
54.91220143912567
54.160378698257745
53.52047935303797
52.82248006934469
52.170376119554646
51.62684306210532
51.05324814987088
50.619763337662846
49.95759808337968
49.515710194120885
63.8381149680084
64.73006260091401
65.88802736936813
66.25289453044601
66.52712635240577
67.79777603076775
67.90953655617632
67.34479884128912
67.74684663300174
68.19204670615615
68.64543465050271
68.9507184403683
69.54580304794827
80.28169940790063
88.74569808247242
92.11042818852341
94.178708579615
95.90676828162344
95.79043049125175
95.8605306519197
95.38650874203086
0.0
0.0
0.0
0.0
60.353034984183424
65.77151272804417
72.47131135119776
73.47193339428395
71.532434076997
75.39840218322463
89.31561543100715
82.73279379336972
79.23353946624484
76.4711306525602
77.65828309987555
78.77097588150315
79.10997179833318
79.33586849396166
81.21000770013036
84.17826857371318
89.49642325290048
93.13200401693007
97.16183820913544
101.68084640835471
104.51638133082182
111.60937606190465
118.00949707048905
127.67689394249525
131.3249795535266
135.50080185938253
145.359821680068
150.3205415206438
157.50431413317105
173.4601689736712
178.56136075627083
170.58434038541273
164.7959720457759
156.20358587468826
149.508805414642
150.4391373735443
129.2750969816783
127.43586128650668
125.33712653387602
123.1921277179301
121.86660018086462
120.27592915720894
118.80613319456506
117.16928853420632
115.72828078781092
114.15831745834089
116.22217059580282
111.07167611281844
109.64164479889972
105.3980228306407
104.59869778441542
103.54907153863476
100.40723173115474
96.20294648828842
92.58206674957087
90.55075373139324
94.62834856826753
109.76633408010454
133.93860755930052
150.6440085136433
155.52000123025414
153.47856713465941
145.91651128136897
138.66734787564965
130.21616734146528
118.7162898727768
121.55032091830417
117.85654919761588
116.99017107525283
115.58902633659206
114.83236336802055
113.54476132634862
112.67995863564796
111.67028948086188
110.25945496546744
109.16466599370584
108.12316730593896
107.2335623213478
105.96961733357564
110.09776188076677
104.03123455168465
98.5778148922067
95.11641631886089
97.50428882939798
99.65737822659642
98.01538154131063
96.71226321114045
94.45468839259496
88.01481434258379
84.11724851753598
86.6837704584865
83.23917187095765
79.37407716019113
74.64567284563022
72.34786141650436
69.18766346514862
65.47385450465431
62.22992988734413
58.66019221473353
55.389534996440744
70.19721680961854
69.5066949339132
68.34257750556392
71.46005742301347
71.40769312169824
71.36141192643238
70.63984580911128
69.18413074258154
69.99798704854092
69.11018097828574
68.46650858345247
67.3545268539607
66.8251774313619
66.15965303774873
65.48200073858924
64.90028672215958
64.34596055150125
61.965446236369765
61.30388093845172
69.6774839664925
71.23357608310722
70.57873936451516
69.4944843541697
68.41656515855951
68.30601337898804
65.55781207978626
65.0568629590525
64.5896003828426
64.20683658270121
63.86227749603307
63.453136297599926
63.00113439647333
62.739878553421775
62.158859592783315
61.73546497521308
61.37238798319444
60.960164749753716
60.58553841903212
60.16162475630601
59.762302434597956
59.37034672316727
58.94900165654121
58.59454100098546
58.0725348116048
57.79750955552011
57.35265982567313
56.95271707915225
56.58131013652181
56.15233309719834
55.75277764899809
55.347004871423664
54.94149698908181
54.55222900652778
54.12969261213611
53.6456584769239
53.12990559034404
52.74825836799074
52.358606824614924
51.96101496488474
51.54263466923915
107.02570372651255
108.43774881159649
110.15843308013532
111.36425546818006
112.98754532226002
114.36314986523985
115.87783720421004
80.72154156702312
75.86722676788493
73.73341960872413
73.34213243100575
72.7599790083372
73.18567039779563
72.89182935666102
73.718846900649
74.45645875051991
73.8807822690416
74.7256998452216
73.52098589198093
72.09856140316755
70.39837421806754
70.05733478120743
71.05072028425866
70.98529549405512
72.1965861085524
71.67219444524132
71.58262241814151
71.80790683500848
71.43742991653983
71.43660035677422
71.17964798668297
71.87188837992538
71.77746861938134
73.80944671868326
74.31419076919272
74.33142378967956
76.22075113061815
76.70677377041883
75.53709567176374
73.69301253294812
72.54467021600239
72.25401371641392
72.34278521735571
90.72038543173932
0.0
0.0
0.0
101.81697309154418
111.79303229159987
125.62071547474505
139.99609603040417
148.12476124642833
161.1518623572177
74.77612501900596
72.46929209074767
71.41491001256695
71.80620957686939
71.7769755780467
72.59401411353483
72.58625248850109
73.66982641791826
74.58777594720124
74.0677446155563
74.94578836447671
72.87425913765695
71.29776940335532
71.03202604179258
70.35958969859361
71.20306225252578
70.84398748581411
72.11219474235872
71.60292601044033
71.55805207291488
71.81385616937406
71.46237383685255
71.47942406034532
71.23031258132512
71.92879118555433
71.8573153857802
73.89526630732286
74.4118272792781
74.39074903468423
76.26312272425182
76.74555778928739
75.57355824195243
73.72499930954031
72.57780151602664
72.27811541491364
72.36253935529669
73.3412828535044
71.67382782551779
73.39991159366237
73.28149324773595
72.908512146939
72.61039030501809
72.0809808478069
70.77114762162958
71.24630601589577
71.64218249268191
71.96839019739325
71.93360061612589
71.91360881233027
71.59943301586682
71.65971735727736
72.01196917431778
72.2946889210416
72.51550044558566
72.08922513664001
72.92561533443268
73.02035083873639
72.67975149495282
72.45262461300045
73.30809406401752
73.27702889486886
73.56107653709579
73.67448081034091
73.82555746047679
73.96561318552777
73.47605648419074
72.89699080294173
72.88271280542108
72.86333301969736
72.84245546245987
72.8256255986314
72.81347169663223
73.65859042046203
73.86764485688109
73.95642523717756
73.35301598712783
73.24319243291411
72.53914916070399
70.76853448336362
67.92399300863104
66.03866816744362
65.15742584393213
64.42917879293664
63.70577395155174
62.82019327311482
62.18636385454062
61.30730006654482
60.422318527449555
59.85801654743441
59.08025367555546
58.233110649750806
57.45052829737127
56.65265379973243
55.86105980978986
55.12617676781645
54.35038587352772
53.54713003178717
52.79988508142545
70.06674654930907
71.70183532243001
72.04694096195865
72.47599494052466
68.32818776314846
66.6290163128207
65.93577744986754
64.82410586182222
64.46869125609804
63.98082304070674
63.60414855594624
63.12514195844497
62.58229951353425
62.076428281605416
61.66505080893107
47.62701277275083
54.710351276666934
53.91455688390371
49.10672352878392
47.92016546083999
46.87413496985129
45.444285220772464
44.495393807649386
43.15277922235942
42.15387291211001
40.86249319536811
38.9835131295198
37.329926387403695
35.82165645601179
33.86201544401458
32.1363678335593
30.634138791806677
29.59198836030214
28.19297728731246
27.077937822121207
25.85244049331734
24.386327060967858
23.202051924414057
22.00397577925265
21.108024049736322
20.02458066501851
116.45047780511474
147.54485622746142
165.03382202001333
179.09548706341062
181.53167173776234
186.41078550671133
180.25290985156306
177.309540716975
172.8726030744835
164.14769707720512
149.29922732352156
134.85086487561085
123.14562265288549
111.11067837807761
105.50452783737002
100.08612573457916
94.35751845756329
92.27085360640937
84.10275919280619
75.4309272159573
73.60396869408343
70.79733608479346
66.93517337014538
63.40092377722253
60.98787399378331
56.835544286396456
58.83501511991197
58.256664477769576
55.03697197055833
50.70900845220966
55.88320881579017
54.23406607875408
51.47778077392745
58.08679164150159
56.8447721278682
55.218183506342726
53.9292783417785
52.232727864626824
50.00801996861635
48.38224016396512
47.04122017853986
45.76060418094694
44.391946135016866
42.95244666520968
41.54529183044171
62.652755546097715
62.71996666400333
62.824985845654304
62.87963682793794
62.96989876435894
63.037307370114625
63.120324664076996
68.2730816090972
68.67401271112567
69.21405080666173
69.66790516185253
76.89727367691765
81.84175816047328
85.02241652356253
88.4571394915159
87.54301414316478
85.3017673695143
82.56293359286555
80.87425529954703
77.68816549042432
75.71712218665454
75.2762293606861
74.71115698925558
74.21908193594959
73.56624130330033
72.86167171198954
72.2300187065143
71.77638039816912
71.33666023424581
70.87131829882253
70.42401338744895
70.00659219708254
69.57322637964893
69.13039189103486
68.66611327139196
68.19611236754696
67.76778056600392
67.37462198328558
66.83436917010425
66.30319465171866
65.68440669416205
80.34803156068804
100.45914838560674
109.31843469877425
113.94876250091998
114.81121605656186
110.97413591790884
106.52110621137244
101.40191402967963
97.27124162190793
90.26552279448956
84.73824019100734
82.74918553586717
75.16470509221953
72.46433829224124
69.40825804077001
64.91665730953834
62.24198866691085
54.60057894078259
51.71012077897989
47.214949928799875
43.32767734000887
40.56997426690996
36.84773130175832
34.68119577033688
30.75690815721604
28.579640585519464
24.812370099678525
22.306162463913495
67.23714052698912
67.36970789101366
67.52297516121178
67.66241989757194
67.81192583745056
67.94011402132458
68.07483417559115
68.24607364502842
68.4435228272439
63.09564319234288
62.91563749754936
62.706563270571756
62.394629100946666
62.053116805948896
61.71094467474142
61.44159399172573
61.21106463093981
60.815427205583326
60.611062546481385
60.26452828096503
42.44280183578505
41.26090519612477
39.23090076757178
55.75270693626308
60.2546773928995
62.93729257213452
64.5616959089121
65.53447937093014
67.22595988136094
66.86059648346213
66.77701317497237
67.41885511609964
68.34235972671634
69.00454222195334
69.78384898215536
70.32687675213465
80.87350036157727
88.72100430845826
93.08941172935408
94.79835236638772
94.83106843157788
94.42678534093999
94.71088922619545
94.7706400825237
91.34872860556425
92.50838091499261
92.83849335805832
92.9588524339448
93.02808705525716
93.070471397965
93.11252371959809
93.12664576383233
93.12895907537867
93.135761901784
94.58979342015004
95.61299180307873
96.28108006772685
96.781976544107
97.12552235016642
95.79501191330384
94.7441849730254
93.91691692814878
93.28267677083738
92.79612147727326
93.64205048278477
94.31027577862281
94.83433243089917
95.25148106624474
95.25975460225388
95.56876842118967
95.48760359955476
94.8218704066622
93.9967216471385
93.93962649714906
94.81300662842146
94.59535613086818
93.23454596220863
93.9454959808135
94.22258070966588
94.75734670789615
93.9807264068944
94.84554490695156
95.52369507177174
98.45716189252192
101.3194858763181
103.27982124404461
102.90531993802675
104.35309245061228
106.01412873766192
105.45995369418073
105.5838928955864
102.29669674060152
102.5096764613031
102.77630974986711
103.10476333381733
103.4232685998325
103.72788223340369
103.96773309098411
104.24988460813528
99.2135346017444
101.03138602811687
101.00466434743666
103.74064165688479
102.71281940290623
92.70049260385034
86.46195436711282
80.48539098566233
77.55070615331044
75.88723927783805
72.86112858120802
68.93890045982843
66.78983620911225
64.5460941233111
62.70609058564736
60.63850277796226
59.01465564558306
57.07221537835812
54.85201450989122
67.90994132336432
67.13522664521771
65.90251094973179
83.86541617306182
78.1593908501498
74.92729164443789
72.52894063264976
73.64255274058054
74.8113157144503
75.42152796547282
75.91346618309711
78.1114661503264
81.31147135643971
86.80307716235934
90.75004583113045
95.06739501666878
99.94534724048751
103.02618131372564
110.45547363546089
117.12174313634145
126.94218088604774
130.63547615455823
134.9720930192233
145.10019868317593
149.85651468012045
156.53068357601862
172.51383360744362
178.6624669643771
170.40956662372173
164.68479887436763
156.21202799428568
149.53194372322696
150.51362403240216
129.61046422682068
127.56283932519038
125.74505542321019
123.28019122294135
121.52757447827908
119.97564684051169
118.68049231051741
116.65688397898619
114.72445072919213
116.38658147654394
111.08042477177449
109.66394943489838
105.3275253667736
104.6011592204726
103.48385838953608
100.309725143241
96.05781195130629
93.19115852359572
89.62481913471896
87.28594261533024
98.68114482940848
130.05986778844493
148.9583657107131
153.62597960042717
151.99876957212163
144.82967765232547
137.87637412011787
129.60512158615697
118.5272370851852
121.47481093008665
117.87331225843218
117.1137561687857
115.86473387078726
115.16377589240534
114.0696329934606
113.29816454794496
112.37295871262774
111.36591826729216
110.51219908235964
77.22514457008157
73.84114781668725
69.00844878082933
64.64345581360956
95.29756573558763
96.53878128939083
94.42987223884377
92.86309422859203
96.41593224894882
99.44171346297887
98.43743606695773
98.36269163740346
93.9880052633272
87.7406038952656
84.33784109607639
87.08293535772857
83.95321671553158
80.09302450689465
75.30478006849175
73.36994847054764
71.06347861118176
69.27958922526254
67.30498728644046
65.185302602388
63.57450674094419
61.501760990427485
59.48587193041692
68.44931960993411
69.14788926294514
67.74031330983331
70.54026051551621
71.2037954046915
71.41849335898401
70.98322550492215
69.14585362960693
67.12873458714463
66.40536051270155
66.14287887085503
66.40046332972224
64.93173466141239
62.90458178179382
62.08807429343619
61.361382869705324
60.43437789729499
59.677890081332706
58.76039131536335
59.87398751468193
59.18373718278873
68.71710364184331
70.75196785330479
70.3953592176211
69.51886459295612
68.55908051992543
68.65191469394446
66.05114417026695
65.56614418569684
65.318348683297
64.92676811954543
64.60200371416765
64.40311090152595
64.03489408353384
63.83923814054275
63.529804136918855
63.310676188615645
62.978552559640136
62.790839592736745
62.50679563832048
62.26230705587018
61.99708601096181
61.72313718402084
61.47947404275368
61.20163727260572
60.946590199664755
60.69050055993917
60.4339806112353
60.161105585627766
59.91710401954049
59.64465869641512
59.389456663722314
59.1250013201319
0.0
0.0
0.0
0.0
0.0
0.0
0.0
0.0
0.0
0.0
0.0
0.0
0.0
0.0
0.0
0.0
0.0
64.90020500516837
69.83695620936552
72.69155824189782
73.7982254779255
75.14438313807209
77.0698922284372
78.76705647424221
78.23415573120322
78.68274514313909
77.00409313942694
75.76135610729489
74.82446797578662
73.47469197082353
71.75904510642683
71.45449441431865
72.44816351531365
72.31031712565986
73.43702420288233
72.77608299382379
72.5645288518623
72.69737875177223
72.20720605750388
72.11359992030117
71.7548031605624
72.37015223929525
72.3669735756129
74.24603723992519
74.63463385311385
74.57925941925652
76.41904893098302
76.86142947066108
75.65426741566873
73.77897366910628
72.61329289389283
72.30661512463577
72.37644013306928
73.34777954064477
71.74173430614664
73.45552006429268
73.32816822993284
72.9285572281026
72.61627922257216
72.07204994878862
70.75895736577709
71.2362018876328
71.63220760309164
71.95927421959092
71.9263799822365
71.90544003513307
71.59043247135861
71.65336565251485
72.0050344670356
72.28741404224061
72.50946372787635
72.08923332572941
72.9273252894675
73.02944594974896
72.68132369783399
72.45167121582409
73.30418278924601
73.27376008891291
73.56542964335499
73.67291080703349
73.82922079551601
74.00185980723047
73.45159585799499
73.50203646303646
73.5590167209377
73.60951955548776
73.6581335327478
73.68970620974912
72.43643003201502
72.18710365272555
72.45216089275762
72.95102504243815
72.98097935943106
70.94532323862563
69.64933476703749
67.03406365207849
65.40036520154887
64.70390920861132
64.00954299654029
63.14047485476512
62.59328584193153
61.72016519160192
61.04354902028693
60.2346406033556
59.47505591370661
58.702723984241175
57.98517330234458
57.23373892411442
56.433141568996035
55.70256033581491
54.938959550684146
54.16107418356998
53.38793406151535
52.646858758406665
70.1165473028721
71.73474405014649
72.11643207692337
72.53327249588399
68.38760692396266
66.67978435270909
65.98850651297046
64.86765133917558
64.52508775444485
92.97764322273767
93.267257602234
96.79696541083071
92.86205259656093
95.49648669401296
92.80441621960111
95.93669781821572
96.98087910580702
97.19080359787766
104.98692076366157
109.64788304876474
113.43483357893535
104.30650378354927
100.47442753805136
78.17912826908142
62.85211601802971
48.66815178820009
70.15618813293501
72.32505299974736
73.62379494141165
86.01003914048187
103.5982781141086
133.747372917464
0.0
0.0
90.2768424902912
83.89727345566607
75.28670761754756
73.94997232017093
72.51892960663528
71.03294052457105
39.36494730038399
30.01495901706957
114.70129219703216
101.25061985045039
92.84808985916709
93.9862055161071
93.53257351552293
97.00562771129108
92.26528770051034
95.03737299107627
95.94010780361607
94.05859291954802
96.70679624177548
103.427424930889
106.09982011693747
105.00963739982703
106.11564726175297
107.7224151369967
101.23263094819474
84.18076106772168
75.68442332187989
64.21095635171942
54.36080000334297
43.87768059309693
69.87674074307758
84.68202919941665
104.33585234195466
127.48463300189326
145.01206119613553
160.61805416408066
174.36620146532096
182.9091707755099
192.5969935451933
114.0439422603947
100.55040894195247
90.27052328075993
111.97082453429597
157.547173139445
108.41807766053685
95.27380512960016
79.46477384049773
67.3691113344949
98.21056364264676
98.60215262983539
97.80086536256997
96.96919693610896
96.17050231300057
67.0086982404335
